     0           5
     1           5
     2           5
     3           5
     4           5
     5           5
     6           5
     7           5
     8           5
     9         4.5
    10         4.5
    11         4.5
    12         4.5
    13         4.5
    14         4.5
    15         4.5
    16         4.5
    17         4.5
    18         4.5
    19         4.5
    20         4.5
    21         3.5
    22         3.5
    23         3.5
    24         3.5
    25         3.5
    26         3.5
    27         3.5
    28         3.5
    29         3.5
    30         3.5
    31         3.5
    32         3.5
    33         3.5
    34         3.5
    35         3.5
    36         3.5
    37         3.5
    38         3.5
    39         3.5
    40         3.5
