     0           1
     1           1
     2           1
     3           1
     4           1
     5           1
     6           1
     7           1
     8           1
     9         1.5
    10         1.5
    11         1.5
    12         1.5
    13         1.5
    14         1.5
    15         1.5
    16         1.5
    17         1.5
    18         1.5
    19         1.5
    20         1.5
    21         2.5
    22         2.5
    23         2.5
    24         2.5
    25         2.5
    26         2.5
    27         2.5
    28         2.5
    29         2.5
    30         2.5
    31         2.5
    32         2.5
    33         2.5
    34         2.5
    35         2.5
    36         2.5
    37         2.5
    38         2.5
    39         2.5
    40         2.5
