     0         0.4
     1         0.4
     2         0.4
     3         0.4
     4         0.4
     5         0.4
     6         0.4
     7         0.4
     8         0.4
     9         1.1
    10         1.1
    11         1.1
    12         1.1
    13         1.1
    14         1.1
    15         1.1
    16         1.1
    17         1.1
    18         1.1
    19         1.1
    20         1.1
    21         2.1
    22         2.1
    23         2.1
    24         2.1
    25         2.1
    26         2.1
    27         2.1
    28         2.1
    29         2.1
    30         2.1
    31         2.1
    32         2.1
    33         2.1
    34         2.1
    35         2.1
    36         2.1
    37         2.1
    38         2.1
    39         2.1
    40         2.1
