     0        12.5
     1        12.5
     2        12.5
     3        12.5
     4        12.5
     5        12.5
     6        12.5
     7        12.5
     8        12.5
     9        17.5
    10        17.5
    11        17.5
    12        17.5
    13        17.5
    14        17.5
    15        17.5
    16        17.5
    17        17.5
    18        17.5
    19        17.5
    20        17.5
    21        18.5
    22        18.5
    23        18.5
    24        18.5
    25        18.5
    26        18.5
    27        18.5
    28        18.5
    29        18.5
    30        18.5
    31        18.5
    32        18.5
    33        18.5
    34        18.5
    35        18.5
    36        18.5
    37        18.5
    38        18.5
    39        18.5
    40        18.5
