     0         2.4
     1         2.4
     2         2.4
     3         2.4
     4         2.4
     5         2.4
     6         2.4
     7         2.4
     8         2.4
     9         2.1
    10         2.1
    11         2.1
    12         2.1
    13         2.1
    14         2.1
    15         2.1
    16         2.1
    17         2.1
    18         2.1
    19         2.1
    20         2.1
    21         1.7
    22         1.7
    23         1.7
    24         1.7
    25         1.7
    26         1.7
    27         1.7
    28         1.7
    29         1.7
    30         1.7
    31         1.7
    32         1.7
    33         1.7
    34         1.7
    35         1.7
    36         1.7
    37         1.7
    38         1.7
    39         1.7
    40         1.7
