     0         2.5
     1         2.5
     2         2.5
     3         2.5
     4         2.5
     5         2.5
     6         2.5
     7         2.5
     8         2.5
     9           4
    10           4
    11           4
    12           4
    13           4
    14           4
    15           4
    16           4
    17           4
    18           4
    19           4
    20           4
    21         2.7
    22         2.7
    23         2.7
    24         2.7
    25         2.7
    26         2.7
    27         2.7
    28         2.7
    29         2.7
    30         2.7
    31         2.7
    32         2.7
    33         2.7
    34         2.7
    35         2.7
    36         2.7
    37         2.7
    38         2.7
    39         2.7
    40         2.7
