     0         3.5
     1         3.5
     2         3.5
     3         3.5
     4         3.5
     5         3.5
     6         3.5
     7         3.5
     8         3.5
     9         1.1
    10         1.1
    11         1.1
    12         1.1
    13         1.1
    14         1.1
    15         1.1
    16         1.1
    17         1.1
    18         1.1
    19         1.1
    20         1.1
    21         0.3
    22         0.3
    23         0.3
    24         0.3
    25         0.3
    26         0.3
    27         0.3
    28         0.3
    29         0.3
    30         0.3
    31         0.3
    32         0.3
    33         0.3
    34         0.3
    35         0.3
    36         0.3
    37         0.3
    38         0.3
    39         0.3
    40         0.3
