     0         6.5
     1         6.8
     2         7.1
     3         7.4
     4         7.7
     5           8
     6         8.3
     7         8.6
     8         8.9
     9       9.325
    10        9.75
    11      10.175
    12        10.6
    13      11.025
    14       11.45
    15      11.875
    16        12.3
    17      12.725
    18       13.15
    19      13.575
    20          14
    21       13.95
    22        13.9
    23       13.85
    24        13.8
    25       13.75
    26        13.7
    27       13.65
    28        13.6
    29       13.55
    30        13.5
    31       13.45
    32        13.4
    33       13.35
    34        13.3
    35       13.25
    36        13.2
    37       13.15
    38        13.1
    39       13.05
    40          13
