     0         7.8
     1       7.775
     2        7.75
     3       7.725
     4         7.7
     5       7.675
     6        7.65
     7       7.625
     8         7.6
     9     8.24167
    10     8.88333
    11       9.525
    12     10.1667
    13     10.8083
    14       11.45
    15     12.0917
    16     12.7333
    17      13.375
    18     14.0167
    19     14.6583
    20        15.3
    21       15.12
    22       14.94
    23       14.76
    24       14.58
    25        14.4
    26       14.22
    27       14.04
    28       13.86
    29       13.68
    30        13.5
    31       13.32
    32       13.14
    33       12.96
    34       12.78
    35        12.6
    36       12.42
    37       12.24
    38       12.06
    39       11.88
    40        11.7
