     0           5
     1           5
     2           5
     3           5
     4           5
     5           5
     6           5
     7           5
     8           5
     9           5
    10           5
    11           5
    12           5
    13           5
    14           5
    15           5
    16           5
    17           5
    18           5
    19     4.90909
    20     4.81818
    21     4.72727
    22     4.63636
    23     4.54545
    24     4.45455
    25     4.36364
    26     4.27273
    27     4.18182
    28     4.09091
    29           4
    30     3.90909
    31     3.81818
    32     3.72727
    33     3.63636
    34     3.54545
    35     3.45455
    36     3.36364
    37     3.27273
    38     3.18182
    39     3.09091
    40           3
