     0       0.525
     1       0.525
     2       0.525
     3    0.574219
     4    0.623437
     5    0.672656
     6    0.721875
     7    0.771094
     8    0.820312
     9    0.869531
    10     0.91875
    11    0.967969
    12     1.01719
    13     1.06641
    14     1.11563
    15     1.16484
    16     1.21406
    17     1.26328
    18      1.3125
    19     1.43403
    20     1.55556
    21     1.67708
    22     1.79861
    23     1.92014
    24     2.04167
    25     2.16319
    26     2.28472
    27     2.40625
    28     2.52778
    29     2.64931
    30     2.77083
    31     2.89236
    32     3.01389
    33     3.13542
    34     3.25694
    35     3.37847
    36         3.5
    37         3.5
    38         3.5
    39         3.5
    40         3.5
