     0         1.4
     1        1.45
     2         1.5
     3        1.55
     4         1.6
     5        1.65
     6         1.7
     7        1.75
     8         1.8
     9     1.81667
    10     1.83333
    11        1.85
    12     1.86667
    13     1.88333
    14         1.9
    15     1.91667
    16     1.93333
    17        1.95
    18     1.96667
    19     1.98333
    20           2
    21        2.03
    22        2.06
    23        2.09
    24        2.12
    25        2.15
    26        2.18
    27        2.21
    28        2.24
    29        2.27
    30         2.3
    31        2.33
    32        2.36
    33        2.39
    34        2.42
    35        2.45
    36        2.48
    37        2.51
    38        2.54
    39        2.57
    40         2.6
