     0         5.6
     1       5.675
     2        5.75
     3       5.825
     4         5.9
     5       5.975
     6        6.05
     7       6.125
     8         6.2
     9     6.26667
    10     6.33333
    11         6.4
    12     6.46667
    13     6.53333
    14         6.6
    15     6.66667
    16     6.73333
    17         6.8
    18     6.86667
    19     6.93333
    20           7
    21           7
    22           7
    23           7
    24           7
    25           7
    26           7
    27           7
    28           7
    29           7
    30           7
    31           7
    32           7
    33           7
    34           7
    35           7
    36           7
    37           7
    38           7
    39           7
    40           7
