     0        0.35
     1        0.35
     2        0.35
     3        0.35
     4    0.418745
     5    0.537023
     6    0.638422
     7     0.73982
     8    0.841219
     9    0.942617
    10     1.04402
    11     1.14541
    12     1.24681
    13     1.34821
    14     1.44961
    15     1.55101
    16     1.65241
    17      1.7538
    18      1.8552
    19      1.9566
    20       2.058
    21       2.058
    22       2.058
    23       2.058
    24       2.058
    25       2.058
    26       2.058
    27       2.058
    28       2.058
    29       2.058
    30       2.058
    31     2.10292
    32     2.14783
    33     2.19275
    34     2.23767
    35     2.28258
    36      2.3275
    37      2.3275
    38      2.3275
    39      2.3275
    40      2.3275
