     0         3.5
     1        4.55
     2         5.6
     3        6.65
     4         7.7
     5        8.75
     6         9.8
     7       10.85
     8        11.9
     9       11.95
    10          12
    11       12.05
    12        12.1
    13       12.15
    14        12.2
    15       12.25
    16        12.3
    17       12.35
    18        12.4
    19       12.45
    20        12.5
    21        12.6
    22        12.7
    23        12.8
    24        12.9
    25          13
    26        13.1
    27        13.2
    28        13.3
    29        13.4
    30        13.5
    31        13.6
    32        13.7
    33        13.8
    34        13.9
    35          14
    36        14.1
    37        14.2
    38        14.3
    39        14.4
    40        14.5
