     0         1.6
     1        1.65
     2         1.7
     3        1.75
     4         1.8
     5        1.85
     6         1.9
     7        1.95
     8           2
     9           2
    10           2
    11           2
    12           2
    13           2
    14           2
    15           2
    16           2
    17           2
    18           2
    19           2
    20           2
    21        2.03
    22        2.06
    23        2.09
    24        2.12
    25        2.15
    26        2.18
    27        2.21
    28        2.24
    29        2.27
    30         2.3
    31        2.33
    32        2.36
    33        2.39
    34        2.42
    35        2.45
    36        2.48
    37        2.51
    38        2.54
    39        2.57
    40         2.6
