     0       0.525
     1       0.525
     2       0.525
     3       0.525
     4       0.525
     5    0.592519
     6    0.676918
     7    0.761316
     8    0.845715
     9    0.930114
    10     1.01451
    11     1.09891
    12     1.18331
    13     1.26771
    14     1.35211
    15     1.43651
    16     1.52091
    17      1.6053
    18      1.6897
    19      1.7741
    20      1.8585
    21     2.03438
    22     2.21025
    23     2.38613
    24       2.562
    25     2.73787
    26     2.91375
    27     3.08962
    28      3.2655
    29     3.44137
    30     3.61725
    31     3.79312
    32       3.969
    33     4.14487
    34     4.32075
    35     4.49662
    36      4.6725
    37      4.6725
    38      4.6725
    39      4.6725
    40      4.6725
