     0      1.8515
     1      1.8515
     2      1.8515
     3     2.23956
     4     2.55888
     5     2.76115
     6     2.96341
     7     3.16568
     8     3.36794
     9     3.57021
    10     3.77247
    11     3.82525
    12     3.87802
    13     3.93079
    14     3.98357
    15     4.01249
    16     3.82669
    17     3.64089
    18     3.45509
    19      3.2693
    20      3.0835
    21     2.90762
    22     2.73175
    23     2.55588
    24        2.38
    25     2.20412
    26     2.02825
    27     1.85238
    28      1.6765
    29     1.50062
    30     1.32475
    31     1.10396
    32    0.883167
    33    0.662375
    34    0.441583
    35    0.220792
    36           0
    37           0
    38           0
    39           0
    40           0
