     0           1
     1           1
     2           1
     3           1
     4           1
     5           1
     6           1
     7           1
     8           1
     9           1
    10           1
    11           1
    12           1
    13           1
    14           1
    15           1
    16           1
    17           1
    18           1
    19     1.09091
    20     1.18182
    21     1.27273
    22     1.36364
    23     1.45455
    24     1.54545
    25     1.63636
    26     1.72727
    27     1.81818
    28     1.90909
    29           2
    30     2.09091
    31     2.18182
    32     2.27273
    33     2.36364
    34     2.45455
    35     2.54545
    36     2.63636
    37     2.72727
    38     2.81818
    39     2.90909
    40           3
