     0        0.35
     1    0.447222
     2    0.544444
     3    0.592448
     4    0.640451
     5    0.688455
     6    0.736458
     7    0.784462
     8    0.832465
     9    0.880469
    10    0.928472
    11    0.976476
    12     1.02448
    13     1.07248
    14     1.12049
    15     1.16849
    16     1.21649
    17      1.2645
    18      1.3125
    19     1.48264
    20     1.65278
    21     1.82292
    22     1.99306
    23     2.16319
    24     2.33333
    25     2.50347
    26     2.67361
    27     2.84375
    28     3.01389
    29     3.18403
    30     3.35417
    31     3.37847
    32     3.40278
    33     3.42708
    34     3.45139
    35     3.47569
    36         3.5
    37         3.5
    38         3.5
    39         3.5
    40         3.5
