     0         2.6
     1        2.55
     2         2.5
     3        2.45
     4         2.4
     5        2.35
     6         2.3
     7        2.25
     8         2.2
     9     2.18333
    10     2.16667
    11        2.15
    12     2.13333
    13     2.11667
    14         2.1
    15     2.08333
    16     2.06667
    17        2.05
    18     2.03333
    19     2.01667
    20           2
    21        1.97
    22        1.94
    23        1.91
    24        1.88
    25        1.85
    26        1.82
    27        1.79
    28        1.76
    29        1.73
    30         1.7
    31        1.67
    32        1.64
    33        1.61
    34        1.58
    35        1.55
    36        1.52
    37        1.49
    38        1.46
    39        1.43
    40         1.4
