     0       4.375
     1       4.375
     2       4.375
     3      3.9375
     4         3.5
     5      3.0625
     6       2.625
     7      2.1875
     8        1.75
     9      1.3125
    10       0.875
    11    0.729167
    12    0.583333
    13      0.4375
    14    0.291667
    15    0.145833
    16           0
    17           0
    18           0
    19           0
    20           0
    21           0
    22           0
    23           0
    24           0
    25           0
    26           0
    27           0
    28           0
    29           0
    30           0
    31           0
    32           0
    33           0
    34           0
    35           0
    36           0
    37           0
    38           0
    39           0
    40           0
