     0         5.1
     1        5.25
     2         5.4
     3        5.55
     4         5.7
     5        5.85
     6           6
     7        6.15
     8         6.3
     9     6.31667
    10     6.33333
    11        6.35
    12     6.36667
    13     6.38333
    14         6.4
    15     6.41667
    16     6.43333
    17        6.45
    18     6.46667
    19     6.48333
    20         6.5
    21        6.51
    22        6.52
    23        6.53
    24        6.54
    25        6.55
    26        6.56
    27        6.57
    28        6.58
    29        6.59
    30         6.6
    31        6.61
    32        6.62
    33        6.63
    34        6.64
    35        6.65
    36        6.66
    37        6.67
    38        6.68
    39        6.69
    40         6.7
