     0        0.35
     1    0.307317
     2    0.264634
     3    0.231049
     4    0.552297
     5    0.873544
     6     1.19479
     7     1.51604
     8     1.83729
     9     1.94601
    10     2.04067
    11     2.13533
    12     2.22998
    13     2.32464
    14      2.4193
    15     2.51396
    16     2.60862
    17     2.70328
    18     2.79793
    19     2.89259
    20     2.98725
    21     2.91445
    22     2.84165
    23     2.76885
    24     2.69605
    25     2.62325
    26     2.55045
    27     2.47765
    28     2.40485
    29     2.33205
    30     2.25925
    31     2.19573
    32      2.1322
    33     2.06867
    34     2.00515
    35     1.94163
    36      1.8781
    37     1.99045
    38      2.1028
    39     2.21515
    40      2.3275
