     0       0.175
     1       0.175
     2       0.175
     3       0.175
     4       0.175
     5       0.175
     6    0.298586
     7    0.545759
     8    0.792931
     9    0.949697
    10     1.08386
    11     1.21802
    12     1.35219
    13     1.48635
    14     1.62052
    15     1.75468
    16     1.88884
    17     2.02301
    18     2.15717
    19     2.29134
    20      2.4255
    21     2.37702
    22     2.32855
    23     2.28007
    24      2.2316
    25     2.18312
    26     2.13465
    27     2.08617
    28      2.0377
    29     1.98923
    30     1.94075
    31     1.90907
    32      1.8774
    33     1.84572
    34     1.81405
    35     1.78238
    36      1.7507
    37      1.8949
    38      2.0391
    39      2.1833
    40      2.3275
