     0         2.8
     1       2.975
     2        3.15
     3       3.325
     4         3.5
     5       3.675
     6        3.85
     7       4.025
     8         4.2
     9     4.13333
    10     4.06667
    11           4
    12     3.93333
    13     3.86667
    14         3.8
    15     3.73333
    16     3.66667
    17         3.6
    18     3.53333
    19     3.46667
    20         3.4
    21        3.46
    22        3.52
    23        3.58
    24        3.64
    25         3.7
    26        3.76
    27        3.82
    28        3.88
    29        3.94
    30           4
    31        4.06
    32        4.12
    33        4.18
    34        4.24
    35         4.3
    36        4.36
    37        4.42
    38        4.48
    39        4.54
    40         4.6
