     0         7.2
     1       7.075
     2        6.95
     3       6.825
     4         6.7
     5       6.575
     6        6.45
     7       6.325
     8         6.2
     9     6.33333
    10     6.46667
    11         6.6
    12     6.73333
    13     6.86667
    14           7
    15     7.13333
    16     7.26667
    17         7.4
    18     7.53333
    19     7.66667
    20         7.8
    21        7.82
    22        7.84
    23        7.86
    24        7.88
    25         7.9
    26        7.92
    27        7.94
    28        7.96
    29        7.98
    30           8
    31        8.02
    32        8.04
    33        8.06
    34        8.08
    35         8.1
    36        8.12
    37        8.14
    38        8.16
    39        8.18
    40         8.2
