     0         2.8
     1       2.975
     2        3.15
     3       3.325
     4         3.5
     5       3.675
     6        3.85
     7       4.025
     8         4.2
     9     3.91667
    10     3.63333
    11        3.35
    12     3.06667
    13     2.78333
    14         2.5
    15     2.21667
    16     1.93333
    17        1.65
    18     1.36667
    19     1.08333
    20         0.8
    21        0.99
    22        1.18
    23        1.37
    24        1.56
    25        1.75
    26        1.94
    27        2.13
    28        2.32
    29        2.51
    30         2.7
    31        2.89
    32        3.08
    33        3.27
    34        3.46
    35        3.65
    36        3.84
    37        4.03
    38        4.22
    39        4.41
    40         4.6
