     0         2.4
     1       2.325
     2        2.25
     3       2.175
     4         2.1
     5       2.025
     6        1.95
     7       1.875
     8         1.8
     9     1.78333
    10     1.76667
    11        1.75
    12     1.73333
    13     1.71667
    14         1.7
    15     1.68333
    16     1.66667
    17        1.65
    18     1.63333
    19     1.61667
    20         1.6
    21        1.59
    22        1.58
    23        1.57
    24        1.56
    25        1.55
    26        1.54
    27        1.53
    28        1.52
    29        1.51
    30         1.5
    31        1.49
    32        1.48
    33        1.47
    34        1.46
    35        1.45
    36        1.44
    37        1.43
    38        1.42
    39        1.41
    40         1.4
