     0      2.2925
     1      2.2925
     2      2.2925
     3     2.72003
     4     2.79272
     5     2.86542
     6     2.93811
     7     3.01081
     8      3.0835
     9     3.31246
    10     3.54142
    11     3.51146
    12      3.4815
    13     3.45154
    14     3.40025
    15     3.19258
    16     2.98492
    17     2.77725
    18     2.56958
    19     2.36192
    20     2.15425
    21     2.05117
    22      1.9481
    23     1.84502
    24     1.74195
    25     1.63887
    26      1.5358
    27     1.43272
    28     1.32965
    29     1.22657
    30      1.1235
    31     1.01115
    32      0.8988
    33     0.78645
    34      0.6741
    35     0.56175
    36      0.4494
    37     0.33705
    38      0.2247
    39     0.11235
    40           0
