     0      3.6295
     1      3.6295
     2      3.6295
     3     3.30553
     4     2.98156
     5     2.65759
     6     2.33362
     7     2.00966
     8     1.68569
     9     1.36172
    10     1.03775
    11    0.778313
    12    0.518875
    13    0.259437
    14           0
    15           0
    16           0
    17           0
    18           0
    19           0
    20           0
    21           0
    22           0
    23           0
    24           0
    25           0
    26           0
    27           0
    28           0
    29           0
    30           0
    31           0
    32           0
    33           0
    34           0
    35           0
    36           0
    37           0
    38           0
    39           0
    40           0
