     0      4.2735
     1      4.2735
     2      4.2735
     3     3.88544
     4     3.49737
     5     3.10931
     6     2.72125
     7     2.33319
     8     1.94512
     9     1.55706
    10       1.169
    11    0.930429
    12    0.691857
    13    0.453286
    14    0.214714
    15           0
    16           0
    17           0
    18           0
    19           0
    20           0
    21           0
    22           0
    23           0
    24           0
    25           0
    26           0
    27           0
    28           0
    29           0
    30           0
    31           0
    32           0
    33           0
    34           0
    35           0
    36           0
    37           0
    38           0
    39           0
    40           0
