     0         2.4
     1        2.35
     2         2.3
     3        2.25
     4         2.2
     5        2.15
     6         2.1
     7        2.05
     8           2
     9           2
    10           2
    11           2
    12           2
    13           2
    14           2
    15           2
    16           2
    17           2
    18           2
    19           2
    20           2
    21        1.97
    22        1.94
    23        1.91
    24        1.88
    25        1.85
    26        1.82
    27        1.79
    28        1.76
    29        1.73
    30         1.7
    31        1.67
    32        1.64
    33        1.61
    34        1.58
    35        1.55
    36        1.52
    37        1.49
    38        1.46
    39        1.43
    40         1.4
