     0    0.516667
     1    0.558333
     2         0.6
     3    0.641667
     4    0.683333
     5       0.725
     6    0.766667
     7    0.808333
     8        0.85
     9    0.891667
    10    0.933333
    11       0.975
    12     1.01667
    13     1.05833
    14         1.1
    15      1.1625
    16       1.225
    17      1.2875
    18        1.35
    19      1.4125
    20       1.475
    21      1.5375
    22         1.6
    23      1.6625
    24       1.725
    25      1.7875
    26        1.85
    27      1.9125
    28       1.975
    29      2.0375
    30         2.1
    31      2.1625
    32       2.225
    33      2.2875
    34        2.35
    35      2.4125
    36       2.475
    37      2.5375
    38         2.6
    39      2.6625
    40       2.725
