     0    0.566667
     1    0.583333
     2         0.6
     3    0.616667
     4    0.633333
     5        0.65
     6    0.666667
     7    0.683333
     8         0.7
     9    0.716667
    10    0.733333
    11        0.75
    12    0.766667
    13    0.783333
    14         0.8
    15        0.85
    16         0.9
    17        0.95
    18           1
    19        1.05
    20         1.1
    21        1.15
    22         1.2
    23        1.25
    24         1.3
    25        1.35
    26         1.4
    27        1.45
    28         1.5
    29        1.55
    30         1.6
    31        1.65
    32         1.7
    33        1.75
    34         1.8
    35        1.85
    36         1.9
    37        1.95
    38           2
    39        2.05
    40         2.1
