     0     2.36667
     1     2.48333
     2         2.6
     3     2.71667
     4     2.83333
     5        2.95
     6     3.06667
     7     3.18333
     8         3.3
     9     3.41667
    10     3.53333
    11        3.65
    12     3.76667
    13     3.88333
    14           4
    15     3.91875
    16      3.8375
    17     3.75625
    18       3.675
    19     3.59375
    20      3.5125
    21     3.43125
    22        3.35
    23     3.26875
    24      3.1875
    25     3.10625
    26       3.025
    27     2.94375
    28      2.8625
    29     2.78125
    30         2.7
    31     2.61875
    32      2.5375
    33     2.45625
    34       2.375
    35     2.29375
    36      2.2125
    37     2.13125
    38        2.05
    39     1.96875
    40      1.8875
