     0         3.9
     1         3.7
     2         3.5
     3         3.3
     4         3.1
     5         2.9
     6         2.7
     7         2.5
     8         2.3
     9         2.1
    10         1.9
    11         1.7
    12         1.5
    13         1.3
    14         1.1
    15     1.06875
    16      1.0375
    17     1.00625
    18       0.975
    19     0.94375
    20      0.9125
    21     0.88125
    22        0.85
    23     0.81875
    24      0.7875
    25     0.75625
    26       0.725
    27     0.69375
    28      0.6625
    29     0.63125
    30         0.6
    31     0.56875
    32      0.5375
    33     0.50625
    34       0.475
    35     0.44375
    36      0.4125
    37     0.38125
    38        0.35
    39     0.31875
    40      0.2875
