     0         5.3
     1        5.35
     2         5.4
     3        5.45
     4         5.5
     5        5.55
     6         5.6
     7        5.65
     8         5.7
     9     5.73333
    10     5.76667
    11         5.8
    12     5.83333
    13     5.86667
    14         5.9
    15     5.93333
    16     5.96667
    17           6
    18     6.03333
    19     6.06667
    20         6.1
    21        6.12
    22        6.14
    23        6.16
    24        6.18
    25         6.2
    26        6.22
    27        6.24
    28        6.26
    29        6.28
    30         6.3
    31        6.32
    32        6.34
    33        6.36
    34        6.38
    35         6.4
    36        6.42
    37        6.44
    38        6.46
    39        6.48
    40         6.5
