     0        1.12
     1        1.12
     2        1.12
     3        1.12
     4        1.12
     5     1.20617
     6     1.41381
     7     1.62145
     8     1.82909
     9     1.94632
    10     2.04095
    11     2.13558
    12     2.23021
    13     2.32484
    14     2.41947
    15      2.5141
    16     2.60873
    17     2.70336
    18     2.79799
    19     2.89262
    20     2.98725
    21     2.91445
    22     2.84165
    23     2.76885
    24     2.69605
    25     2.62325
    26     2.55045
    27     2.47765
    28     2.40485
    29     2.33205
    30     2.25925
    31     2.19573
    32      2.1322
    33     2.06867
    34     2.00515
    35     1.94163
    36      1.8781
    37     1.99045
    38      2.1028
    39     2.21515
    40      2.3275
