     0       0.525
     1       0.525
     2       0.525
     3       0.525
     4       0.525
     5       0.525
     6       0.525
     7       0.525
     8       0.525
     9    0.615407
    10    0.728415
    11    0.841424
    12    0.954432
    13     1.06744
    14     1.18045
    15     1.29346
    16     1.40647
    17     1.51947
    18     1.63248
    19     1.74549
    20      1.8585
    21     2.03438
    22     2.21025
    23     2.38613
    24       2.562
    25     2.73787
    26     2.91375
    27     3.08962
    28      3.2655
    29     3.44137
    30     3.61725
    31     3.79312
    32       3.969
    33     4.14487
    34     4.32075
    35     4.49662
    36      4.6725
    37      4.6725
    38      4.6725
    39      4.6725
    40      4.6725
