     0         2.3
     1       2.275
     2        2.25
     3       2.225
     4         2.2
     5       2.175
     6        2.15
     7       2.125
     8         2.1
     9     2.08333
    10     2.06667
    11        2.05
    12     2.03333
    13     2.01667
    14           2
    15     1.98333
    16     1.96667
    17        1.95
    18     1.93333
    19     1.91667
    20         1.9
    21        1.89
    22        1.88
    23        1.87
    24        1.86
    25        1.85
    26        1.84
    27        1.83
    28        1.82
    29        1.81
    30         1.8
    31        1.79
    32        1.78
    33        1.77
    34        1.76
    35        1.75
    36        1.74
    37        1.73
    38        1.72
    39        1.71
    40         1.7
