     0      2.0265
     1      2.0265
     2      2.0265
     3     2.41456
     4     2.80262
     5     3.19069
     6     3.45516
     7     3.59605
     8     3.73694
     9     3.87783
    10     4.01872
    11     4.01012
    12     4.00152
    13     3.99292
    14     3.98432
    15     3.95186
    16     3.70469
    17     3.45752
    18     3.21034
    19     2.96317
    20       2.716
    21      2.5886
    22      2.4612
    23      2.3338
    24      2.2064
    25       2.079
    26      1.9516
    27      1.8242
    28      1.6968
    29      1.5694
    30       1.442
    31      1.2978
    32      1.1536
    33      1.0094
    34      0.8652
    35       0.721
    36      0.5768
    37      0.4326
    38      0.2884
    39      0.1442
    40           0
