     0         5.2
     1       5.125
     2        5.05
     3       4.975
     4         4.9
     5       4.825
     6        4.75
     7       4.675
     8         4.6
     9     4.63333
    10     4.66667
    11         4.7
    12     4.73333
    13     4.76667
    14         4.8
    15     4.83333
    16     4.86667
    17         4.9
    18     4.93333
    19     4.96667
    20           5
    21        5.02
    22        5.04
    23        5.06
    24        5.08
    25         5.1
    26        5.12
    27        5.14
    28        5.16
    29        5.18
    30         5.2
    31        5.22
    32        5.24
    33        5.26
    34        5.28
    35         5.3
    36        5.32
    37        5.34
    38        5.36
    39        5.38
    40         5.4
