     0         9.4       5.225
     1       9.475         5.4
     2        9.55       5.575
     3       9.625      5.7591
     4         9.7     6.29803
     5       9.775     6.83695
     6        9.85     7.37589
     7       9.925     7.91481
     8     8.45375     8.45375
     9     8.64475           0
    10     8.83574           0
    11     9.02675           0
    12     9.21775           0
    13     9.40874           0
    14     9.59975           0
    15     9.79076           0
    16     9.98174           0
    17     10.1728 1.05285e+69
    18     10.3638           0
    19     10.5547           0
    20     10.7458           0
    21     10.8388           0
    22     10.9319           0
    23      11.025           0
    24     11.1181           0
    25     11.2111           0
    26     11.3042           0
    27     11.3973           0
    28     11.4903     11.4903
    29       12.96     11.5834
    30          13     11.6765
    31       13.04     11.7789
    32       13.08     11.8812
    33       13.12     11.9836
    34       13.16     12.0859
    35        13.2     12.1883
    36       13.24     12.2906
    37       13.28      12.393
    38       13.32     12.4953
    39       13.36     12.5977
    40        13.4        12.7
