     0     1.88598
     1     1.88598
     2     1.88598
     3     2.22773
     4     2.56948
     5     2.82506
     6     2.95918
     7     3.09329
     8     3.22741
     9     3.36152
    10     3.49564
    11      3.4755
    12     3.45536
    13     3.43522
    14     3.40008
    15     3.19244
    16      2.9848
    17     2.77717
    18     2.56953
    19     2.36189
    20     2.15425
    21     2.05117
    22      1.9481
    23     1.84502
    24     1.74195
    25     1.63887
    26      1.5358
    27     1.43272
    28     1.32965
    29     1.22657
    30      1.1235
    31     1.01115
    32      0.8988
    33     0.78645
    34      0.6741
    35     0.56175
    36      0.4494
    37     0.33705
    38      0.2247
    39     0.11235
    40           0
