     0       0.175
     1       0.175
     2       0.175
     3       0.175
     4    0.237495
     5    0.338883
     6    0.423391
     7    0.507899
     8    0.592406
     9    0.676914
    10    0.761422
    11     0.84593
    12    0.930438
    13     1.01495
    14     1.09945
    15     1.18396
    16     1.26847
    17     1.35298
    18     1.43748
    19     1.52199
    20      1.6065
    21      1.6662
    22      1.7259
    23     1.78561
    24     1.84531
    25     1.90501
    26     1.96471
    27     2.02441
    28     2.08412
    29     2.14382
    30     2.20352
    31     2.23813
    32       2.256
    33     2.27388
    34     2.29175
    35     2.30963
    36      2.3275
    37      2.3275
    38      2.3275
    39      2.3275
    40      2.3275
