     0         8.5
     1         9.5
     2        10.5
     3        11.5
     4        12.5
     5        13.5
     6        14.5
     7        15.5
     8        16.5
     9     16.6667
    10     16.8333
    11          17
    12     17.1667
    13     17.3333
    14        17.5
    15     17.6667
    16     17.8333
    17          18
    18     18.1667
    19     18.3333
    20        18.5
    21        18.5
    22        18.5
    23        18.5
    24        18.5
    25        18.5
    26        18.5
    27        18.5
    28        18.5
    29        18.5
    30        18.5
    31        18.5
    32        18.5
    33        18.5
    34        18.5
    35        18.5
    36        18.5
    37        18.5
    38        18.5
    39        18.5
    40        18.5
