     0           6
     1       6.125
     2        6.25
     3       6.375
     4         6.5
     5       6.625
     6        6.75
     7       6.875
     8           7
     9     7.16667
    10     7.33333
    11         7.5
    12     7.66667
    13     7.83333
    14           8
    15     8.16667
    16     8.33333
    17         8.5
    18     8.66667
    19     8.83333
    20           9
    21           9
    22           9
    23           9
    24           9
    25           9
    26           9
    27           9
    28           9
    29           9
    30           9
    31           9
    32           9
    33           9
    34           9
    35           9
    36           9
    37           9
    38           9
    39           9
    40           9
