     0         1.9
     1       1.875
     2        1.85
     3       1.825
     4         1.8
     5       1.775
     6        1.75
     7       1.725
     8         1.7
     9     1.68333
    10     1.66667
    11        1.65
    12     1.63333
    13     1.61667
    14         1.6
    15     1.58333
    16     1.56667
    17        1.55
    18     1.53333
    19     1.51667
    20         1.5
    21        1.48
    22        1.46
    23        1.44
    24        1.42
    25         1.4
    26        1.38
    27        1.36
    28        1.34
    29        1.32
    30         1.3
    31        1.28
    32        1.26
    33        1.24
    34        1.22
    35         1.2
    36        1.18
    37        1.16
    38        1.14
    39        1.12
    40         1.1
