     0        1.89
     1        1.89
     2        1.89
     3     2.29644
     4     2.64038
     5     2.87791
     6     3.11544
     7     3.35297
     8      3.5905
     9     3.82803
    10     4.06557
    11     4.08974
    12     4.11392
    13      4.1381
    14     4.16227
    15     4.18645
    16     4.21063
    17     4.04172
    18     3.87281
    19     3.70391
    20       3.535
    21     3.29942
    22     3.06385
    23     2.82827
    24     2.59269
    25     2.35712
    26     2.12154
    27     1.88596
    28     1.65038
    29     1.41481
    30     1.17923
    31     0.96875
    32       0.775
    33     0.58125
    34      0.3875
    35     0.19375
    36           0
    37           0
    38           0
    39           0
    40           0
