     0        2.45
     1     2.35278
     2     2.25556
     3     2.42083
     4     2.58611
     5     2.75139
     6     2.91667
     7     3.25694
     8     3.59722
     9      3.9375
    10     4.27778
    11     4.32639
    12       4.375
    13     4.42361
    14     4.47222
    15     4.52083
    16     4.56944
    17     4.47222
    18       4.375
    19     4.08333
    20     3.79167
    21         3.5
    22     3.20833
    23     2.91667
    24       2.625
    25     2.33333
    26     2.04167
    27        1.75
    28     1.45833
    29     1.16667
    30       0.875
    31    0.729167
    32    0.583333
    33      0.4375
    34    0.291667
    35    0.145833
    36           0
    37           0
    38           0
    39           0
    40           0
