     0         6.3
     1        6.35
     2         6.4
     3        6.45
     4         6.5
     5        6.55
     6         6.6
     7        6.65
     8         6.7
     9        6.75
    10         6.8
    11        6.85
    12         6.9
    13        6.95
    14           7
    15        7.05
    16         7.1
    17        7.15
    18         7.2
    19        7.25
    20         7.3
    21        7.33
    22        7.36
    23        7.39
    24        7.42
    25        7.45
    26        7.48
    27        7.51
    28        7.54
    29        7.57
    30         7.6
    31        7.63
    32        7.66
    33        7.69
    34        7.72
    35        7.75
    36        7.78
    37        7.81
    38        7.84
    39        7.87
    40         7.9
