     0           1
     1           1
     2           1
     3           1
     4           1
     5           1
     6           1
     7           1
     8           1
     9     1.08333
    10     1.16667
    11        1.25
    12     1.33333
    13     1.41667
    14         1.5
    15     1.58333
    16     1.66667
    17        1.75
    18     1.83333
    19     1.91667
    20           2
    21        2.05
    22         2.1
    23        2.15
    24         2.2
    25        2.25
    26         2.3
    27        2.35
    28         2.4
    29        2.45
    30         2.5
    31        2.55
    32         2.6
    33        2.65
    34         2.7
    35        2.75
    36         2.8
    37        2.85
    38         2.9
    39        2.95
    40           3
