     0         0.2
     1       0.225
     2        0.25
     3       0.275
     4         0.3
     5       0.325
     6        0.35
     7       0.375
     8         0.4
     9         0.5
    10         0.6
    11         0.7
    12         0.8
    13         0.9
    14           1
    15         1.1
    16         1.2
    17         1.3
    18         1.4
    19         1.5
    20         1.6
    21        1.64
    22        1.68
    23        1.72
    24        1.76
    25         1.8
    26        1.84
    27        1.88
    28        1.92
    29        1.96
    30           2
    31        2.04
    32        2.08
    33        2.12
    34        2.16
    35         2.2
    36        2.24
    37        2.28
    38        2.32
    39        2.36
    40         2.4
