     0         0.1
     1        0.15
     2         0.2
     3        0.25
     4         0.3
     5        0.35
     6         0.4
     7        0.45
     8         0.5
     9    0.583333
    10    0.666667
    11        0.75
    12    0.833333
    13    0.916667
    14           1
    15     1.08333
    16     1.16667
    17        1.25
    18     1.33333
    19     1.41667
    20         1.5
    21        1.55
    22         1.6
    23        1.65
    24         1.7
    25        1.75
    26         1.8
    27        1.85
    28         1.9
    29        1.95
    30           2
    31        2.05
    32         2.1
    33        2.15
    34         2.2
    35        2.25
    36         2.3
    37        2.35
    38         2.4
    39        2.45
    40         2.5
