     0     0.88375
     1     0.88375
     2     0.88375
     3     0.88375
     4     0.88375
     5     0.88375
     6    0.994996
     7     1.21749
     8     1.43998
     9     1.57206
    10     1.68155
    11     1.79103
    12     1.90051
    13     2.00999
    14     2.11948
    15     2.22896
    16     2.33844
    17     2.44793
    18     2.55741
    19     2.66689
    20     2.77637
    21     2.73525
    22     2.69412
    23       2.653
    24     2.61187
    25     2.57075
    26     2.52962
    27      2.4885
    28     2.44737
    29     2.40625
    30     2.36512
    31     2.29101
    32      2.2169
    33     2.14279
    34     2.06867
    35     1.99456
    36     1.92045
    37     2.02221
    38     2.12398
    39     2.22574
    40      2.3275
