     0         6.3
     1        6.65
     2           7
     3        7.35
     4         7.7
     5        8.05
     6         8.4
     7        8.75
     8         9.1
     9     9.61667
    10     10.1333
    11       10.65
    12     11.1667
    13     11.6833
    14        12.2
    15     12.7167
    16     13.2333
    17       13.75
    18     14.2667
    19     14.7833
    20        15.3
    21       15.12
    22       14.94
    23       14.76
    24       14.58
    25        14.4
    26       14.22
    27       14.04
    28       13.86
    29       13.68
    30        13.5
    31       13.32
    32       13.14
    33       12.96
    34       12.78
    35        12.6
    36       12.42
    37       12.24
    38       12.06
    39       11.88
    40        11.7
