     0         2.2
     1         2.4
     2         2.6
     3         2.8
     4           3
     5         3.2
     6         3.4
     7         3.6
     8         3.8
     9     3.88333
    10     3.96667
    11        4.05
    12     4.13333
    13     4.21667
    14         4.3
    15     4.38333
    16     4.46667
    17        4.55
    18     4.63333
    19     4.71667
    20         4.8
    21        4.82
    22        4.84
    23        4.86
    24        4.88
    25         4.9
    26        4.92
    27        4.94
    28        4.96
    29        4.98
    30           5
    31        5.02
    32        5.04
    33        5.06
    34        5.08
    35         5.1
    36        5.12
    37        5.14
    38        5.16
    39        5.18
    40         5.2
