     0           5
     1       5.675
     2        6.35
     3       7.025
     4         7.7
     5       8.375
     6        9.05
     7       9.725
     8        10.4
     9        10.7
    10          11
    11        11.3
    12        11.6
    13        11.9
    14        12.2
    15        12.5
    16        12.8
    17        13.1
    18        13.4
    19        13.7
    20          14
    21       13.95
    22        13.9
    23       13.85
    24        13.8
    25       13.75
    26        13.7
    27       13.65
    28        13.6
    29       13.55
    30        13.5
    31       13.45
    32        13.4
    33       13.35
    34        13.3
    35       13.25
    36        13.2
    37       13.15
    38        13.1
    39       13.05
    40          13
