     0         2.2
     1        2.15
     2         2.1
     3        2.05
     4           2
     5        1.95
     6         1.9
     7        1.85
     8         1.8
     9         1.8
    10         1.8
    11         1.8
    12         1.8
    13         1.8
    14         1.8
    15         1.8
    16         1.8
    17         1.8
    18         1.8
    19         1.8
    20         1.8
    21         1.9
    22           2
    23         2.1
    24         2.2
    25         2.3
    26         2.4
    27         2.5
    28         2.6
    29         2.7
    30         2.8
    31         2.9
    32           3
    33         3.1
    34         3.2
    35         3.3
    36         3.4
    37         3.5
    38         3.6
    39         3.7
    40         3.8
