     0         1.7
     1         1.7
     2         1.7
     3         1.7
     4         1.7
     5         1.7
     6         1.7
     7         1.7
     8         1.7
     9         1.7
    10         1.7
    11         1.7
    12         1.7
    13         1.7
    14         1.7
    15         1.7
    16         1.7
    17         1.7
    18         1.7
    19         1.7
    20         1.7
    21        1.68
    22        1.66
    23        1.64
    24        1.62
    25         1.6
    26        1.58
    27        1.56
    28        1.54
    29        1.52
    30         1.5
    31        1.48
    32        1.46
    33        1.44
    34        1.42
    35         1.4
    36        1.38
    37        1.36
    38        1.34
    39        1.32
    40         1.3
