     0     1.96175
     1     1.96175
     2     1.96175
     3     2.28572
     4     2.60969
     5     2.93366
     6     3.14638
     7     3.24786
     8     3.34933
     9     3.45081
    10     3.55229
    11     3.58923
    12     3.62618
    13     3.66313
    14     3.70007
    15     3.47758
    16     3.25509
    17      3.0326
    18     2.81011
    19     2.58762
    20     2.36512
    21     2.23038
    22     2.09563
    23     1.96087
    24     1.82613
    25     1.69138
    26     1.55663
    27     1.42188
    28     1.28713
    29     1.15238
    30     1.01763
    31    0.915863
    32      0.8141
    33    0.712338
    34    0.610575
    35    0.508813
    36     0.40705
    37    0.305288
    38    0.203525
    39    0.101763
    40           0
