     0     3.46902
     1     3.46902
     2     3.46902
     3     3.12727
     4     2.78552
     5     2.44377
     6     2.10201
     7     1.76026
     8     1.41851
     9     1.07675
    10       0.735
    11      0.5475
    12        0.36
    13      0.1725
    14           0
    15           0
    16           0
    17           0
    18           0
    19           0
    20           0
    21           0
    22           0
    23           0
    24           0
    25           0
    26           0
    27           0
    28           0
    29           0
    30           0
    31           0
    32           0
    33           0
    34           0
    35           0
    36           0
    37           0
    38           0
    39           0
    40           0
